6.03
8.73
6.69
7.61
7.06
8.1
8.93
5.08
7.21
6.29
6.22
6.3
4.73
5.11
3.19
2.09
1.97
-0.76
-1.31
-2.92
-0.62
2.76
5.99
7.85
8.71
8.85
10.83
7.59
5.5
8.01
9.76
11.71
9.95
6.48
7.38
10.1
10.31
9.05
8.81
8.16
5.18
5.53
3.01
6.08
6.19
4.69
2.46
0.24
0.78
4.38
8.55
11.25
10.55
6.94
3.24
3.53
2.54
3.76
3.26
3.9
4.44
5.97
6.19
5.94
4.14
4.77
3.64
4.65
6.56
6.44
7.24
6.28
5.84
5.46
6.65
5.28
7.03
5.94
5.04
5.55
7
8.76
6.92
8.37
10.5
10.27
10.21
10.69
9.94
8.53
6.29
7.8
6.43
14.97
13.22
12.5
10.5
8.25
9.82
8.7
9.63
12.21
10.29
13.06
11.68
12.64
11.85
7.17
7.88
9.55
12.45
15.43
13.94
9.39
5.08
6.59
6.05
5.94
6.48
9.17
7.82
9.01
10.97
12.14
11.2
13.61
16.49
17.83
18.73
18.12
16.19
14.77
16.12
18.31
11.59
9.74
11.79
12.37
14.15
12.72
15.57
18.4
14.69
12.68
11.33
13.51
16.01
18.55
17.99
16.14
12.89
13.17
15.17
12.68
12
14.77
16.68
18.5
20.78
19.07
17.78
18.54
18.35
16.86
15.15
16.55
16.15
15.79
16.39
15.91
17.21
15.4
19.22
23.14
25.68
21.17
17.84
16.54
18.28
18.19
18.17
19.34
19.23
16.71
15.66
18.26
18.77
17.46
20.25
21.63
22.04
24.05
19.75
18.06
15.83
15.76
16.99
20.37
22.17
23.95
26.93
25.29
21.66
21.73
21.59
21.24
23.21
19.2
19.54
20.93
21.82
19.6
20.41
18.72
19.07
21.54
18.89
18.03
18.53
21.46
19.29
17.37
14.5
15.91
20.09
21.44
20.63
21.04
22.3
22.93
20.48
20.2
19.47
17.54
21.63
24.27
27.08
27.69
27.02
26.67
23.08
20.38
19.99
21.27
20.27
21.11
21.56
19.71
17.44
20.48
21.03
19.4
18.59
19.55
21.49
23.52
26.69
22.52
18.41
17.39
14.97
16.36
16.95
17.5
15.64
16.82
18.42
17.58
16.62
14.71
16.51
19.06
17.57
15.59
14.95
13.4
12.19
13.98
13.25
10.17
11.52
13.15
10.13
8.73
8.94
8.77
8.02
10.77
12.53
14.81
14.52
11.98
10.08
11.03
11.07
9.21
8.4
11.83
12.62
11.36
11.07
9.9
12.27
12.2
12.39
9.43
9.77
6.15
5.49
8.83
6.22
2.7
4.67
7.28
8.38
6.87
2.8
7.37
6.92
9.77
11.9
11.82
9
7.57
10.16
13.55
10.14
11.38
10.88
8.25
8.82
6.46
4.6
1.14
1.4
1.32
2.68
4.72
1.79
4.12
5.29
5.88
5.18
6.36
4.57
6.98
4.23
6.69
6.19
4.59
7.83
4.68
3.09
4.22
4.56
3.96
7.09
4.68
7.46
8.81
9.28
3.53
3.86
0.73
-2.73
-3.45
-1.98
0.43
0.63
2.61
3.42
-0.84
-0.84
3.74
5.85
5.25
7.39
6.96
3.05
2.11
1.42
1.68
-1.82
-1.96
-2.24
-2.09
-2.18
-0.18
-1.82
-1.06
-1.05
-1.55
3.71
7.69
5.07
8.23
10.82
10.28
9.83
9.14
6.35
7.36
6.58
7.88
5.23
4.4
1.4
-0.23
3.81
6.13
8.27
11.12
9.42
7.25
6.04
5.46
9.24
11.03
10.89
10.27
6.54
5.28
8.68
9.92
6.39
8.37
8.68
10.21
7.79
7.06
5.16
7.64
8.86
12.72
8.72
9.8
11.46
10.95
9.42
11.91
12.53
10.25
10.23
12.04
10.89
8.97
8.39
9.37
10.31
12.3
11.69
12.22
12.69
13.63
15.86
15.16
12.94
12.45
13.13
12.29
11.23
9.72
10.93
13.41
15.76
13.16
10.49
11.59
10.75
12.96
11.4
9.98
10.68
7.12
6.45
6.43
9.77
11.77
8.85
9.92
7.9
6.02
6.33
8.68
9.98
12.63
11.41
11.8
10.01
11.76
12.42
11.45
11.92
10.15
10.71
13
16.24
16.17
15.48
15.43
17.33
20.78
22.55
16.52
12.68
12.37
14.64
18.29
18.81
19.01
20.14
21.1
23.49
23.87
23.85
19.73
17.75
20.71
22.37
17.41
14.5
17.28
14.38
14.87
19.13
18.88
20.25
22.25
17.54
17.32
21.71
23.52
17.95
19.83
22.96
24.63
26.21
28.22
28.1
20.08
19.96
22.17
21.73
22.24
20.06
17.99
16.74
17.3
17.81
18.79
20.56
23.97
26.92
26.51
24
23.51
19.56
19.28
19.43
19.42
18.5
18.74
23.05
22.98
25.96
26.22
20.4
18.95
18.48
17.17
16.99
18.69
17.49
19.37
18.94
22.87
22.47
19.01
21
22.65
22.47
21.91
19.75
17.32
19.09
17.17
15.9
15.61
17.05
16.57
17.13
19.05
22.35
19.93
20.3
19.92
16.34
16.39
20.07
21.65
22.05
19.02
19.5
22.28
22.65
23.5
24.9
19.36
16.11
16.91
16.3
15.32
19.58
20.01
16.81
16.21
16.57
15.6
14.22
14.98
14.89
15.24
13.87
12.82
11.62
12.1
11.96
13.33
12.13
14.37
15.17
14.03
16.21
17.37
17.76
15.69
16.94
20.06
15.79
13.06
15.63
13.9
12.91
12.78
11.4
10.2
14.29
13.68
14.85
16.04
17.05
17.89
16.66
17.36
19.37
17.5
16.15
16.88
13.87
14.18
11.33
11.99
15.71
16.79
12.6
13.55
9.6
12.25
8.47
7.46
8.89
10.33
12.59
12.1
7.81
6.73
4.94
3.92
8.28
10.33
10.36
8.8
7.34
6.19
7.22
7.7
8.5
5.46
6.46
6.31
9
10.51
13.39
10.32
5
4.85
5.92
7.23
2.96
3.04
2.04
-0.05
1.04
5.38
4.41
5.09
5.33
3.18
1.91
5.56
6.27
3.11
5.66
5.44
4.58
4.6
4.34
6.13
3.43
5.68
9.2
9.06
8.9
8.34
5.39
5.78
4.6
2.97
5.5
10.22
12.54
7.62
9.46
8.6
10.85
9.07
6.6
6.2
7.03
5.58
7.8
6.47
5.83
3.77
4.33
6.4
7.87
5.9
8.41
5.32
7.19
8.58
10.48
9.35
11.94
8.39
7.34
3.99
7.13
9.86
9.64
7.93
4.92
4.29
3.19
2.09
-0.37
-0.54
-1.03
-0.74
-1.72
1.49
4.83
2.94
1.35
3.38
7.63
5.41
6.22
3.66
2.83
4.91
2.16
1.4
0.68
1.87
0.34
-2.33
-4.3
-4.61
-1.13
5
5.64
5.39
8.35
8.32
6.88
6.81
9.52
13.96
14.13
11.16
10.07
8.4
11.01
9.95
4.13
-0.04
-0.45
2.89
4.06
3.78
5.73
9.17
10.45
9.73
9.19
10.3
7.32
7.76
7.24
8.56
11.54
12.4
10.95
9.12
11.89
15.67
16.57
12.92
12.89
12.52
11.32
13.26
12.29
12.87
12.35
13.95
17.16
19.76
20.58
20.32
20.45
15.87
14.49
14.04
11.21
13
13.13
10.55
5.82
8.81
10.28
11.62
12.61
16.27
19.56
19.29
19.74
17.22
14.14
13.76
16.38
11.75
11.86
15.67
16.2
14.54
12.51
13.26
15.21
17.47
18.21
16.74
19.05
19.65
21.44
22.77
22.32
19.49
20.37
20.57
18.45
19.86
20.17
21.7
19.04
19.47
20.72
20.21
20.1
20.61
19.43
17.03
14.31
15.69
18.65
18.33
17.6
20.08
20.44
21.6
18.31
14.85
15.29
17.74
18.62
20.62
21.26
21.88
23.02
24.64
26.03
24.51
23.95
23.73
22.39
22.25
24.01
23.89
21.41
19.41
18.1
19.96
22.6
23.47
24.48
23.98
22.15
22.11
23.22
22.19
21.12
21.8
24.48
25.06
26.61
27.99
28.26
22.29
22.96
23.66
23.91
23.79
24.92
27.15
26.66
24.22
25.36
27.86
22.55
17.53
17.25
19.38
22.59
21.1
20.44
20.22
22.55
20.34
18.88
21.1
21.18
22.39
23.13
21.82
17.32
16.25
15.47
20.2
18.8
19.24
17.02
18.19
16.24
17.15
18.51
18.3
21.48
19.4
16.57
15.99
19.91
19.64
20.64
20.52
16.23
16.6
15.6
17.26
19.57
20.71
20.83
19.68
16.26
15.21
17.06
11.98
11.92
13.32
16
14.96
12.81
11.17
12.73
12.42
16.55
15.15
16.45
16.9
13.68
12.54
14.98
17.88
20.52
20.04
20.95
20.47
21.27
19.55
16.22
15.91
13.98
12.47
11.64
11.95
10.89
12.32
13.57
10.86
6.28
5.89
4.36
6.98
7.05
10.25
8.26
5.52
7.09
13.82
15.26
10.9
9.4
10.02
11.56
11.58
10.67
12.04
9.34
8.22
6.93
4.83
4.83
2.51
1.86
1.58
2.69
4.6
6.86
6.27
5.24
7.23
8.7
12.01
10.6
9.05
12.73
12.66
10.15
9.89
11.85
9.96
9
9.54
8.28
5.39
2.04
1.54
-0.33
0.6
3.85
5.95
6.1
8.68
9.13
11.05
11.35
10.81
7.47
3.33
0.15
-0.77
0.3
3.95
7.33
8.42
7.54
5.33
4.42
3.57
4.36
4.63
6.89
7.81
4.56
2.62
5.17
7.47
9.74
8.15
6.83
3.99
5.2
1.9
0.01
1.97
-0.33
-0.59
0.65
0.23
4.3
6.9
5.73
4.25
1.22
2.05
1.02
4.35
3.87
3.92
1
5.27
5.89
8.68
7.82
9.37
8.03
6.02
3.84
3.37
6.31
8.7
8.19
9.87
8.36
8.34
6.98
9.24
9.85
10.53
8.4
10.14
11.15
11.82
10.65
10.03
9.95
11.96
8.52
8.25
9.78
9.62
8.38
11.37
11.37
6.59
8.08
7.59
8.87
12.03
11.87
7.09
7.13
7.29
8.12
10
11.03
9.04
9.64
7.55
8.71
8.34
9.46
11.53
12.24
12.76
13.8
12.77
7.17
6.76
7.88
10.56
11.73
11.41
11.49
10.63
8.39
6.67
5.24
4.66
8.56
10.87
11.68
16.41
17.14
18.9
17.29
17.34
16.42
14.14
12.6
10.85
10.18
9.13
10.08
11.52
12.73
11.97
11.21
6.35
7.52
7.33
10.36
12.91
12.21
12.83
13.15
10.33
11.6
12.66
12.79
11.84
13.52
15.25
14.48
14.99
14.87
14.99
15.63
17.62
16.75
15.78
17.54
13.69
13.87
17.26
18.6
20.58
24.14
19.04
20.85
13.4
15.08
15
15.5
15.04
15.14
13.35
13.23
14.96
17.89
17.79
17.91
19.28
21.5
22.39
17.72
16.77
18.26
21.91
24.92
26.13
26.77
25.67
25.08
26.68
23.69
20.13
18.7
19.69
20.3
22.49
24.34
21.22
19.13
17.98
20.48
23.79
21.17
20.21
17.49
18.22
18.97
21.32
21.52
22.78
22.74
21.94
23.84
27.66
30.84
32.7
25.9
19.45
19.73
20.6
20.98
19.25
20.7
22.14
19.83
22.77
22.17
20.55
21.36
21.98
22.76
21.99
17.99
17.41
15.91
18.96
20.24
18.92
18.59
20.03
18.12
18.29
17.48
19.09
20.8
22.62
24.1
24.58
25.75
24.16
21.3
19.9
23.83
18.91
16.54
17.38
18.24
15
14.18
16.42
14.62
13.47
16.11
18.1
19.79
19.39
19.59
19.9
19.55
18.86
14.5
14.53
16.34
19.5
18.98
17.55
17.34
16.08
18.21
16.93
16.36
16.54
15.14
18.06
14.18
8.3
12.74
15.08
15.82
14.52
13.84
13.42
14.28
15.28
16.11
19.98
18.97
14.51
13.46
14.18
13.51
13.19
11.46
12.66
9.21
12.43
14.5
13.19
15.2
9.91
9.55
9.47
8.93
10.34
13
12.86
11.62
12.05
10.03
9.95
9.33
6.66
5.71
6.28
6.45
6.21
6.68
5.81
2.76
3.8
6.61
5.69
6.95
3.39
5.31
8.37
9.48
8.67
9.93
11.39
11.12
11.03
8.58
5.84
3.27
3.09
2.89
2.29
-0.64
4.48
9.45
10.47
7.88
3.66
6.93
5.29
8.33
8.62
8.96
9.6
11.9
7.99
11.7
10.28
8.6
9.08
8.9
10.07
8.08
7.05
8.88
6.55
2.65
3.5
1.82
2
6.31
9.95
5.81
7.33
4.01
8.15
10.17
11.32
7.98
5.41
5.53
8.14
10.32
10.6
8.86
9.07
5.49
3.86
3.33
2.03
0.46
1.01
1.39
1.86
5.23
7.95
5.98
7.02
8.09
12.58
12.59
13.08
12.11
6.97
7.77
5.47
6.06
8.99
10.31
9.7
7.14
6.5
8.77
9.88
9.93
14.43
9.94
7.25
7.12
9.04
6.05
8.22
11.11
11.32
8.69
4.61
7.07
5.69
9.51
5.6
6.49
5.15
5.52
9.62
7.6
6.62
9.03
8.35
10.77
14.58
11.13
8.06
8.74
11.85
8.69
11.73
13.69
13.47
13.15
7.13
8.1
6.3
6.64
6.34
6.33
7.68
10.13
6.61
4.6
6.67
6.75
5.94
10.09
10.28
14.04
13.1
16.25
16.52
16.96
17.44
18.35
17.81
13.78
7.94
11.49
16.14
18.23
18.52
15.79
15.86
15.29
16.19
17.38
17.93
15.59
13.57
16.62
15.75
13.05
11.63
13.07
11.8
14.89
14.93
12.66
15.81
14.5
16.39
19.49
18.5
9.95
9.3
10.67
10.09
11.3
12.57
13.82
16.42
16.42
19.61
21.71
21.53
15.88
14.77
16.88
18.76
19.54
18.09
17.99
18.23
18.03
19.46
21.57
21.29
14.51
14.2
14.56
14.22
14.55
14.83
14.84
17.33
17.11
17.85
17.59
17.97
18.34
17.09
17.27
16.43
19.34
18.1
17.49
21.12
24.57
26.62
25.71
20.31
19.34
18.37
18.42
20.61
18.26
17.56
18.62
21.45
16.77
17.36
20.33
23.59
20
17.14
18.29
20.3
18.88
18.94
18.27
21.17
21.84
22.47
21.1
19.43
19.09
20.89
20.87
21.36
20.76
23.31
21.19
19.27
22.88
29.03
23.42
20.35
18.57
18.9
21.69
24.66
27.76
28.59
30.53
27.91
28.74
28.35
24.06
22.93
22.95
22.33
20.09
21.36
21.26
25.87
24.69
21.11
18.93
17.89
21.79
20.11
19.43
18.46
15.19
16.46
16.04
15.65
15.99
21.14
23.19
18.08
15.44
16.57
19.47
22.62
21.14
20.56
17.71
19.66
23.36
25.75
23.94
21.4
20.43
24.76
22.2
19.88
18.32
19.06
14.08
11.49
11.7
12
13.6
14.89
16.99
14.65
12.57
11.47
12.01
11.79
13.91
14.6
15.74
15.26
11.72
11.49
9.85
11.25
10.28
10.09
11.07
10.67
9.82
9.38
12.03
17.12
16.87
16.44
13.26
11.34
10.46
10.34
11.75
12.33
14.41
13.78
15.49
16.06
9.48
6.21
7.51
8.04
11.31
13.85
13.62
13
10.46
11.6
11.26
13.68
13.27
10.92
11.33
10.91
9.56
6.87
7.11
6.83
9.74
6.85
7.91
6.88
8.13
7
2.81
4.08
6.09
6.86
6.43
5.93
4.17
4.75
2.71
3.18
1.34
5.04
8.14
9.14
5.65
9.7
10.22
7.72
9.38
8.24
8.6
9.63
10.31
13.94
11.99
6.13
4.29
2.84
5.36
3.83
3.09
4.29
3.99
0.94
0.23
2.52
2.49
2.22
2.85
2.5
1.99
1.02
1.54
1.48
6.41
7.53
9.46
2.1
1.55
4.15
4.64
5.82
8.56
7.72
5.78
3.94
0.48
3.31
1.51
6.28
10.7
10.69
9.64
7.77
8.78
10.41
10.79
8.14
9.11
7.92
2.58
-0.83
-2.24
-3.66
-3.23
-1.57
-3.13
-1.33
4.69
8.78
10.28
8.69
9.47
12.91
12.92
12.45
14.55
14.38
12.42
9.74
6.68
6.62
7.67
9.49
12.02
9.93
4.9
4.44
3.66
3.34
6.33
6.37
10.91
8.04
8.63
6.87
8.83
6.71
7.83
6.01
6.12
5.05
7.3
5.17
7.09
10.35
10.4
9.46
8.31
10.59
13.63
15.76
16.34
16.91
10
8.19
7.53
5.83
2.98
4.06
8.33
9.64
11.13
5.97
6.12
6.08
6.4
6.09
6.03
8.78
8.35
10.37
12
12.41
11.35
12.06
12.74
11.62
11.6
11.6
12.33
9.86
9.37
8.9
10.5
11.55
9.19
8.53
10.13
15.29
20.55
15.93
12.19
11
12.36
11.08
12.91
13.21
13.01
13.12
12.28
11.68
14.59
13.03
12.95
11.98
11.51
12.41
13.94
15.72
16.45
17.06
17.7
19.39
21.15
22.17
18.39
16.46
16.78
18.06
19.25
20.27
22.05
20.93
19.61
20.11
21.84
22.9
24.78
23.44
22.33
21.4
20.27
20.71
16.82
14.62
16.89
15.59
18.56
20.07
20.5
15.67
15.84
17.97
20.3
20.63
19.35
18.45
19.41
18.67
17.97
18.28
17.81
18.77
19.53
17.12
18.15
20.23
18.41
19.42
22.5
23.55
22.82
22.78
22.34
23
22.26
20.2
20.13
18.15
19.23
18.27
18.68
18.55
18.35
18.71
17.46
15.75
20
19.49
17.77
17.65
17.73
20.18
21.02
22.85
22.28
22.34
22.87
18.97
15.85
18.11
18.04
18.87
20.43
19.06
17.9
19.25
18.47
17.12
17.35
16.78
16.33
18.36
19.39